# Created by Octave 3.2.4, Tue Oct 30 17:40:29 2012 BRT <caio@ghost1>
# name: ans
# type: matrix
# rows: 1
# columns: 100
 0 0.303030303030303 0.6060606060606061 0.9090909090909092 1.212121212121212 1.515151515151515 1.818181818181818 2.121212121212121 2.424242424242424 2.727272727272727 3.03030303030303 3.333333333333333 3.636363636363637 3.939393939393939 4.242424242424242 4.545454545454545 4.848484848484849 5.151515151515151 5.454545454545454 5.757575757575758 6.060606060606061 6.363636363636363 6.666666666666667 6.969696969696969 7.272727272727273 7.575757575757575 7.878787878787879 8.181818181818182 8.484848484848484 8.787878787878787 9.09090909090909 9.393939393939393 9.696969696969697 10 10.3030303030303 10.60606060606061 10.90909090909091 11.21212121212121 11.51515151515152 11.81818181818182 12.12121212121212 12.42424242424242 12.72727272727273 13.03030303030303 13.33333333333333 13.63636363636363 13.93939393939394 14.24242424242424 14.54545454545455 14.84848484848485 15.15151515151515 15.45454545454545 15.75757575757576 16.06060606060606 16.36363636363636 16.66666666666666 16.96969696969697 17.27272727272727 17.57575757575757 17.87878787878788 18.18181818181818 18.48484848484848 18.78787878787879 19.09090909090909 19.39393939393939 19.6969696969697 20 20.3030303030303 20.60606060606061 20.90909090909091 21.21212121212121 21.51515151515152 21.81818181818182 22.12121212121212 22.42424242424243 22.72727272727273 23.03030303030303 23.33333333333333 23.63636363636364 23.93939393939394 24.24242424242424 24.54545454545455 24.84848484848484 25.15151515151515 25.45454545454545 25.75757575757576 26.06060606060606 26.36363636363636 26.66666666666667 26.96969696969697 27.27272727272727 27.57575757575758 27.87878787878788 28.18181818181818 28.48484848484848 28.78787878787879 29.09090909090909 29.39393939393939 29.6969696969697 30
# name: cmd
# type: string
# elements: 1
# length: 23
leafpad /tmp/oct-LVta9r
# name: fid
# type: scalar
8
# name: flag
# type: scalar
0
# name: fname
# type: string
# elements: 1
# length: 15
/tmp/oct-LVta9r
# name: fname2
# type: string
# elements: 1
# length: 9
/tmp/vars
# name: line
# type: string
# elements: 1
# length: 3
3*t
# name: t
# type: matrix
# rows: 1
# columns: 100
 0 0.101010101010101 0.202020202020202 0.303030303030303 0.404040404040404 0.5050505050505051 0.6060606060606061 0.7070707070707071 0.8080808080808081 0.9090909090909091 1.01010101010101 1.111111111111111 1.212121212121212 1.313131313131313 1.414141414141414 1.515151515151515 1.616161616161616 1.717171717171717 1.818181818181818 1.919191919191919 2.02020202020202 2.121212121212121 2.222222222222222 2.323232323232323 2.424242424242424 2.525252525252525 2.626262626262626 2.727272727272727 2.828282828282828 2.929292929292929 3.03030303030303 3.131313131313131 3.232323232323232 3.333333333333333 3.434343434343434 3.535353535353535 3.636363636363636 3.737373737373737 3.838383838383838 3.939393939393939 4.040404040404041 4.141414141414141 4.242424242424242 4.343434343434343 4.444444444444445 4.545454545454545 4.646464646464646 4.747474747474747 4.848484848484849 4.94949494949495 5.05050505050505 5.151515151515151 5.252525252525253 5.353535353535354 5.454545454545454 5.555555555555555 5.656565656565657 5.757575757575758 5.858585858585858 5.959595959595959 6.060606060606061 6.161616161616162 6.262626262626262 6.363636363636363 6.464646464646465 6.565656565656566 6.666666666666667 6.767676767676767 6.868686868686869 6.96969696969697 7.070707070707071 7.171717171717171 7.272727272727272 7.373737373737374 7.474747474747475 7.575757575757575 7.676767676767676 7.777777777777778 7.878787878787879 7.979797979797979 8.080808080808081 8.181818181818182 8.282828282828282 8.383838383838384 8.484848484848484 8.585858585858587 8.686868686868687 8.787878787878787 8.888888888888889 8.98989898989899 9.09090909090909 9.191919191919192 9.292929292929292 9.393939393939394 9.494949494949495 9.595959595959595 9.696969696969697 9.797979797979798 9.8989898989899 10
# name: y
# type: matrix
# rows: 1
# columns: 100
 1 0.9949028158568303 0.9796632259996998 0.9544365884201449 0.9194800727522776 0.8751500385908233 0.82189840263017 0.7602680316591506 0.6908872083770674 0.6144632264484674 0.5317751800910392 0.4436660217022285 0.3510339684920502 0.2548233457260486 0.1560149599257585 0.05561610016580674 -0.04534973060188524 -0.1458532495141353 -0.2448698866850789 -0.3413902300489206 -0.4344303156782857 -0.5230416586748752 -0.6063209223738354 -0.6834191272904034 -0.7535503059294446 -0.815999515227557 -0.8701301249459654 -0.9153903077136358 -0.9513186645587279 -0.9775489285796396 -0.9938136988046939 -0.9999471661761239 -0.9958868038686729 -0.981674004711079 -0.9574536592123347 -0.9234726784944765 -0.8800774771896732 -0.8277104419618857 -0.7669054216542901 -0.69828228503756 -0.6225406016393301 -0.5404525100747903 -0.4528548465812708 -0.3606406140014481 -0.2647498781834829 -0.1661601846035527 -0.06587659290724678 0.03507856903860484 0.1356761271327191 0.2348905528191783 0.331710417703216 0.4251487044247724 0.5142528686769626 0.5981145497935533 0.6758788309121296 0.7467529543114478 0.810014403075603 0.865018266697566 0.9112038155344026 0.9481002170917641 0.9753313358637337 0.9926195677967009 0.9997886702873213 0.9967655588645231 0.983581052239521 0.9603695581285238 0.9273677030509753 0.8849119200716687 0.8334350190781794 0.7734617745574747 0.7056035758515253 0.6305521944291881 0.5490727317130796 0.4619958193539013 0.3702091514654802 0.2746484351440477 0.176287851525489 0.07613012462407193 -0.02480370080544784 -0.1254846681740918 -0.2248863986210817 -0.3219955542979381 -0.4158221687077173 -0.5054097387880672 -0.5898449758557073 -0.6682671160076287 -0.7398766950653171 -0.80394369860703 -0.859815004003662 -0.9069210385913591 -0.9447815861050266 -0.973010682179788 -0.9913205490138658 -0.9995245290814802 -0.9975389879884077 -0.9853841670717991 -0.9631839770525324 -0.9311647348436916 -0.8896528563926016 -0.8390715290764524
