 0.00000000e+00 0.00000000e+00
 1.01010101e-01 1.02030405e-02
 2.02020202e-01 4.08121620e-02
 3.03030303e-01 9.18273646e-02
 4.04040404e-01 1.63248648e-01
 5.05050505e-01 2.55076013e-01
 6.06060606e-01 3.67309458e-01
 7.07070707e-01 4.99948985e-01
 8.08080808e-01 6.52994592e-01
 9.09090909e-01 8.26446281e-01
 1.01010101e+00 1.02030405e+00
 1.11111111e+00 1.23456790e+00
 1.21212121e+00 1.46923783e+00
 1.31313131e+00 1.72431385e+00
 1.41414141e+00 1.99979594e+00
 1.51515152e+00 2.29568411e+00
 1.61616162e+00 2.61197837e+00
 1.71717172e+00 2.94867871e+00
 1.81818182e+00 3.30578512e+00
 1.91919192e+00 3.68329762e+00
 2.02020202e+00 4.08121620e+00
 2.12121212e+00 4.49954086e+00
 2.22222222e+00 4.93827160e+00
 2.32323232e+00 5.39740843e+00
 2.42424242e+00 5.87695133e+00
 2.52525253e+00 6.37690032e+00
 2.62626263e+00 6.89725538e+00
 2.72727273e+00 7.43801653e+00
 2.82828283e+00 7.99918376e+00
 2.92929293e+00 8.58075707e+00
 3.03030303e+00 9.18273646e+00
 3.13131313e+00 9.80512193e+00
 3.23232323e+00 1.04479135e+01
 3.33333333e+00 1.11111111e+01
 3.43434343e+00 1.17947148e+01
 3.53535354e+00 1.24987246e+01
 3.63636364e+00 1.32231405e+01
 3.73737374e+00 1.39679625e+01
 3.83838384e+00 1.47331905e+01
 3.93939394e+00 1.55188246e+01
 4.04040404e+00 1.63248648e+01
 4.14141414e+00 1.71513111e+01
 4.24242424e+00 1.79981635e+01
 4.34343434e+00 1.88654219e+01
 4.44444444e+00 1.97530864e+01
 4.54545455e+00 2.06611570e+01
 4.64646465e+00 2.15896337e+01
 4.74747475e+00 2.25385165e+01
 4.84848485e+00 2.35078053e+01
 4.94949495e+00 2.44975003e+01
 5.05050505e+00 2.55076013e+01
 5.15151515e+00 2.65381084e+01
 5.25252525e+00 2.75890215e+01
 5.35353535e+00 2.86603408e+01
 5.45454545e+00 2.97520661e+01
 5.55555556e+00 3.08641975e+01
 5.65656566e+00 3.19967350e+01
 5.75757576e+00 3.31496786e+01
 5.85858586e+00 3.43230283e+01
 5.95959596e+00 3.55167840e+01
 6.06060606e+00 3.67309458e+01
 6.16161616e+00 3.79655137e+01
 6.26262626e+00 3.92204877e+01
 6.36363636e+00 4.04958678e+01
 6.46464646e+00 4.17916539e+01
 6.56565657e+00 4.31078461e+01
 6.66666667e+00 4.44444444e+01
 6.76767677e+00 4.58014488e+01
 6.86868687e+00 4.71788593e+01
 6.96969697e+00 4.85766758e+01
 7.07070707e+00 4.99948985e+01
 7.17171717e+00 5.14335272e+01
 7.27272727e+00 5.28925620e+01
 7.37373737e+00 5.43720029e+01
 7.47474747e+00 5.58718498e+01
 7.57575758e+00 5.73921028e+01
 7.67676768e+00 5.89327620e+01
 7.77777778e+00 6.04938272e+01
 7.87878788e+00 6.20752984e+01
 7.97979798e+00 6.36771758e+01
 8.08080808e+00 6.52994592e+01
 8.18181818e+00 6.69421488e+01
 8.28282828e+00 6.86052444e+01
 8.38383838e+00 7.02887460e+01
 8.48484848e+00 7.19926538e+01
 8.58585859e+00 7.37169677e+01
 8.68686869e+00 7.54616876e+01
 8.78787879e+00 7.72268136e+01
 8.88888889e+00 7.90123457e+01
 8.98989899e+00 8.08182838e+01
 9.09090909e+00 8.26446281e+01
 9.19191919e+00 8.44913784e+01
 9.29292929e+00 8.63585348e+01
 9.39393939e+00 8.82460973e+01
 9.49494949e+00 9.01540659e+01
 9.59595960e+00 9.20824406e+01
 9.69696970e+00 9.40312213e+01
 9.79797980e+00 9.60004081e+01
 9.89898990e+00 9.79900010e+01
 1.00000000e+01 1.00000000e+02
